ANIMATION_SET
5
48
00_Soldier_RunRifle
0 47
24
1.0 0.0 -0.0 0.0 0.0 1.0 -0.0 0.0 -0.0 -0.0 1.0 0.0 0.0 0.0 -0.0 1.0 
-0.998093 0.061735 0.0 0.0 0.061025 0.986618 0.1512 0.0 0.009334 0.150912 -0.988503 0.0 -0.521239 88.302289 0.0 1.0 
0.99372 -0.057407 0.096043 0.0 0.061187 0.997445 -0.036885 0.0 -0.09368 0.04253 0.994694 0.0 0.0 16.182953 -0.0 1.0 
0.994991 -0.027716 0.096043 0.0 0.030167 0.999253 -0.024165 0.0 -0.095301 0.026941 0.995084 0.0 0.0 16.182953 -0.0 1.0 
0.995101 -0.023435 0.096043 0.0 0.025944 0.999352 -0.02496 0.0 -0.095395 0.02733 0.995064 0.0 -0.038166 16.37371 0.088197 1.0 
0.986398 -0.038222 -0.159867 0.0 0.044324 0.998412 0.034778 0.0 0.158283 -0.041391 0.986526 0.0 -0.0 13.539843 2.741003 1.0 
0.986398 -0.038222 -0.159867 0.0 0.044208 0.998442 0.034055 0.0 0.158316 -0.040659 0.986551 0.0 -0.0 8.541622 -3.485519 1.0 
1.0 0.0 -0.0 0.0 0.0 1.0 -0.0 0.0 -0.0 -0.0 1.0 0.0 -0.085759 6.01772 -0.31193 1.0 
0.0 0.0 1.0 0.0 -0.136391 0.990655 0.0 0.0 -0.990655 -0.136391 0.0 0.0 3.403353 8.487683 -8.5279 1.0 
0.0 0.0 1.0 0.0 -0.136391 0.990655 0.0 0.0 -0.990655 -0.136391 0.0 0.0 -3.327021 8.487683 -8.5279 1.0 
1.0 0.0 0.0 0.0 -0.0 -0.640095 0.768296 0.0 -0.0 -0.768296 -0.640095 0.0 -0.0 -2.641349 -3.699716 1.0 
1.0 0.0 -0.0 0.0 0.0 1.0 -0.0 0.0 -0.0 -0.0 1.0 0.0 0.0 -2.123951 -6.702803 1.0 
0.968447 -0.193714 -0.156795 0.0 0.20218 0.978539 0.039821 0.0 0.145716 -0.070265 0.986828 0.0 20.069506 6.253968 3.302715 1.0 
0.4054 -0.907116 -0.113101 0.0 0.784672 0.408784 -0.466031 0.0 0.468978 0.100182 0.87751 0.0 4.800499 -6.917405 0.0 1.0 
0.097972 0.0 -0.995189 0.0 -0.0 1.0 -0.0 0.0 0.995189 0.0 0.097972 0.0 23.385237 -0.0 4.23889 1.0 
0.99793 -0.051255 -0.038834 0.0 0.051255 0.269289 0.961694 0.0 -0.038834 -0.961694 0.271359 0.0 14.741278 0.0 -0.785656 1.0 
0.818456 0.092008 -0.567155 0.0 -0.132192 0.990769 -0.030035 0.0 0.559156 0.099556 0.823063 0.0 14.741278 0.0 -0.785656 1.0 
0.942266 -0.334677 -0.011222 0.0 0.331492 0.927506 0.172758 0.0 -0.04741 -0.166504 0.9849 0.0 13.20031 1.446183 -1.596799 1.0 
0.981021 -0.1939 0.0 0.0 0.1939 0.981021 0.0 0.0 -0.0 -0.0 1.0 0.0 3.054434 0.0 0.0 1.0 
0.869649 -0.49367 -0.0 0.0 0.49367 0.869649 0.0 0.0 -0.0 -0.0 1.0 0.0 3.155113 0.0 -0.0 1.0 
0.97448 -0.14093 -0.174722 0.0 0.171599 0.969484 0.175083 0.0 0.144716 -0.200597 0.968926 0.0 12.284731 0.063787 1.960674 1.0 
0.824819 -0.565397 0.0 0.0 0.565397 0.824819 -0.0 0.0 -0.0 0.0 1.0 0.0 3.617854 0.0 -0.0 1.0 
0.871487 -0.490418 0.0 0.0 0.490418 0.871487 -0.0 0.0 -0.0 0.0 1.0 0.0 2.762865 0.0 0.0 1.0 
0.787442 -0.010516 -0.616299 0.0 0.100514 0.988662 0.111558 0.0 0.608138 -0.149792 0.77957 0.0 7.327182 -2.249201 -4.136249 1.0 
0.948523 -0.065481 -0.309865 0.0 0.105688 0.987752 0.114788 0.0 0.298553 -0.141628 0.943826 0.0 5.298812 -0.0 -0.0 1.0 
0.970978 0.0 -0.23917 0.0 -0.109355 0.88935 -0.443957 0.0 0.212706 0.457227 0.863539 0.0 -19.993174 6.253968 3.302715 1.0 
0.508334 0.838869 0.194668 0.0 -0.861159 0.49486 0.116272 0.0 0.001204 -0.226745 0.973953 0.0 -4.800499 -6.917405 0.0 1.0 
0.015081 0.0 0.999886 0.0 0.0 1.0 -0.0 0.0 -0.999886 -0.0 0.015081 0.0 -23.385237 -0.0 4.23889 1.0 
0.99995 -0.009951 0.000937 0.0 0.009951 0.982365 -0.186708 0.0 0.000937 0.186708 0.982415 0.0 -14.741278 0.0 -0.785656 1.0 
0.351111 0.786566 0.507972 0.0 -0.79823 0.535027 -0.276721 0.0 -0.489438 -0.308319 0.815714 0.0 -14.741278 0.0 -0.785656 1.0 
0.966679 0.248426 0.061778 0.0 -0.249036 0.968492 0.002248 0.0 -0.059273 -0.017558 0.998087 0.0 -13.20031 1.446183 -1.596799 1.0 
0.998626 0.052405 -0.0 0.0 -0.052405 0.998626 -0.0 0.0 -0.0 -0.0 1.0 0.0 -3.054434 0.0 0.0 1.0 
0.811484 0.584375 -0.0 0.0 -0.584375 0.811484 -0.0 0.0 -0.0 -0.0 1.0 0.0 -3.155113 0.0 0.0 1.0 
0.82747 0.558485 -0.058206 0.0 -0.545177 0.823892 0.154867 0.0 0.134447 -0.096416 0.986219 0.0 -12.284731 0.063787 1.954754 1.0 
0.544019 0.837479 0.051701 0.0 -0.83858 0.544779 -0.000722 0.0 -0.02877 -0.042963 0.998662 0.0 -3.617854 -0.0 -0.0 1.0 
0.398777 0.833275 0.382924 0.0 -0.886336 0.457371 -0.072247 0.0 -0.23534 -0.310589 0.920951 0.0 -2.762865 0.0 0.0 1.0 
0.853268 0.28872 0.434252 0.0 0.171963 0.630372 -0.757007 0.0 -0.492304 0.720605 0.488227 0.0 -7.327182 -2.249201 -4.154124 1.0 
0.796416 0.117718 -0.593181 0.0 -0.089192 0.993009 0.077314 0.0 0.598135 -0.008667 0.801348 0.0 -5.298812 0.0 -0.0 1.0 
0.546788 -0.375415 0.748389 0.0 0.115001 0.919046 0.377 0.0 -0.829336 -0.120074 0.545696 0.0 -12.53811 -19.618669 -20.196154 1.0 
0.960108 0.016721 -0.27913 0.0 -0.019649 0.999777 -0.007695 0.0 0.27894 0.012872 0.960222 0.0 0.0 -4.045738 -0.0 1.0 
0.947382 -0.139084 0.28831 0.0 -0.108959 0.706778 0.698994 0.0 -0.30099 -0.693628 0.654435 0.0 9.144 -4.572 0.0 1.0 
0.999936 -0.011007 0.002602 0.0 0.01129 0.98516 -0.171264 0.0 -0.000678 0.171283 0.985222 0.0 0.775425 -31.976536 -4.565594 1.0 
0.997993 0.040587 0.048597 0.0 -0.033126 0.988796 -0.145553 0.0 -0.05396 0.143651 0.988156 0.0 0.0 -38.711254 9.15176 1.0 
1.0 0.0 0.0 0.0 -0.0 0.992115 0.125333 0.0 -0.0 -0.125333 0.992115 0.0 -0.0 -9.27253 -13.419764 1.0 
0.966855 -0.119204 0.225791 0.0 0.177152 0.95003 -0.257023 0.0 -0.18387 0.288504 0.939658 0.0 -9.144 -4.572 0.0 1.0 
0.997295 0.071527 -0.016926 0.0 -0.046388 0.433856 -0.899787 0.0 -0.057016 0.898139 0.436 0.0 -0.775425 -31.976536 -4.565594 1.0 
0.997468 0.041063 0.058072 0.0 -0.020151 0.946204 -0.322943 0.0 -0.068208 0.320955 0.944635 0.0 0.0 -38.711254 9.15176 1.0 
1.0 0.0 -0.0 0.0 0.0 1.0 -0.0 0.0 -0.0 -0.0 1.0 0.0 0.0 -9.27253 -13.419764 1.0 
1.0 0.0 -0.0 0.0 0.0 1.0 -0.0 0.0 -0.0 -0.0 1.0 0.0 0.0 0.0 -0.0 1.0 
-0.997032 0.076992 0.0 0.0 0.076107 0.985565 0.151224 0.0 0.011643 0.150775 -0.9885 0.0 -0.99416 86.080559 0.0 1.0 
0.994091 -0.05786 0.091844 0.0 0.061668 0.997327 -0.039178 0.0 -0.089332 0.04461 0.995002 0.0 0.0 16.182953 -0.0 1.0 
0.995344 -0.029225 0.091844 0.0 0.031802 0.999137 -0.026716 0.0 -0.090984 0.029512 0.995415 0.0 0.0 16.182953 -0.0 1.0 
0.995487 -0.023881 0.091844 0.0 0.026463 0.999285 -0.027002 0.0 -0.091134 0.02931 0.995407 0.0 -0.038166 16.37371 0.088197 1.0 
0.987292 -0.039502 -0.153932 0.0 0.045288 0.998386 0.034265 0.0 0.15233 -0.040801 0.987487 0.0 -0.0 13.539843 2.741003 1.0 
0.987401 -0.038424 -0.153501 0.0 0.043952 0.998496 0.032785 0.0 0.15201 -0.039119 0.987605 0.0 -0.0 8.541622 -3.485519 1.0 
1.0 0.0 -0.0 0.0 0.0 1.0 -0.0 0.0 -0.0 -0.0 1.0 0.0 -0.085759 6.01772 -0.31193 1.0 
0.0 0.0 1.0 0.0 -0.126111 0.992016 0.0 0.0 -0.992016 -0.126111 0.0 0.0 3.403353 8.487683 -8.5279 1.0 
0.0 -0.0 1.0 0.0 -0.126111 0.992016 0.0 0.0 -0.992016 -0.126111 0.0 0.0 -3.327021 8.487683 -8.5279 1.0 
1.0 0.0 0.0 0.0 -0.0 -0.640095 0.768296 0.0 -0.0 -0.768296 -0.640095 0.0 -0.0 -2.641349 -3.699716 1.0 
1.0 0.0 -0.0 0.0 0.0 1.0 -0.0 0.0 -0.0 -0.0 1.0 0.0 0.0 -2.123951 -6.702803 1.0 
0.969108 -0.196973 -0.148428 0.0 0.205359 0.977728 0.043314 0.0 0.136591 -0.072457 0.987974 0.0 20.069506 6.253968 3.302715 1.0 
0.379672 -0.917295 -0.120079 0.0 0.7838 0.387902 -0.484964 0.0 0.491434 0.09001 0.866251 0.0 4.800499 -6.917405 0.0 1.0 
0.129622 0.0 -0.991563 0.0 -0.0 1.0 -0.0 0.0 0.991563 0.0 0.129622 0.0 23.385237 -0.0 4.23889 1.0 
0.99793 -0.051255 -0.038834 0.0 0.051255 0.269289 0.961694 0.0 -0.038834 -0.961694 0.271359 0.0 14.741278 0.0 -0.785656 1.0 
0.817034 0.07431 -0.571781 0.0 -0.10053 0.99483 -0.01436 0.0 0.567758 0.069214 0.82028 0.0 14.741278 0.0 -0.785656 1.0 
0.942266 -0.334677 -0.011222 0.0 0.331492 0.927506 0.172758 0.0 -0.04741 -0.166504 0.9849 0.0 13.20031 1.446183 -1.596799 1.0 
0.981021 -0.1939 0.0 0.0 0.1939 0.981021 0.0 0.0 -0.0 -0.0 1.0 0.0 3.054434 0.0 0.0 1.0 
0.869649 -0.49367 -0.0 0.0 0.49367 0.869649 0.0 0.0 -0.0 -0.0 1.0 0.0 3.155113 0.0 -0.0 1.0 
0.97448 -0.14093 -0.174722 0.0 0.171599 0.969484 0.175083 0.0 0.144716 -0.200597 0.968926 0.0 12.284731 0.063787 1.960674 1.0 
0.824819 -0.565397 0.0 0.0 0.565397 0.824819 -0.0 0.0 -0.0 0.0 1.0 0.0 3.617854 0.0 -0.0 1.0 
0.871487 -0.490418 0.0 0.0 0.490418 0.871487 -0.0 0.0 -0.0 0.0 1.0 0.0 2.762865 0.0 0.0 1.0 
0.787442 -0.010516 -0.616299 0.0 0.100514 0.988662 0.111558 0.0 0.608138 -0.149792 0.77957 0.0 7.327182 -2.249201 -4.136249 1.0 
0.948523 -0.065481 -0.309865 0.0 0.105688 0.987752 0.114788 0.0 0.298553 -0.141628 0.943826 0.0 5.298812 -0.0 -0.0 1.0 
0.97355 0.000633 -0.228471 0.0 -0.104631 0.890204 -0.443383 0.0 0.203105 0.455561 0.866725 0.0 -19.993174 6.253968 3.302715 1.0 
0.545872 0.827333 0.132451 0.0 -0.836328 0.528435 0.145989 0.0 0.05079 -0.190463 0.98038 0.0 -4.800499 -6.917405 0.0 1.0 
-0.054101 0.0 0.998535 0.0 0.0 1.0 -0.0 0.0 -0.998535 -0.0 -0.054101 0.0 -23.385237 -0.0 4.23889 1.0 
0.99995 -0.009951 0.000937 0.0 0.009951 0.982365 -0.186708 0.0 0.000937 0.186708 0.982415 0.0 -14.741278 0.0 -0.785656 1.0 
0.371005 0.779216 0.50515 0.0 -0.805219 0.540908 -0.242985 0.0 -0.462578 -0.316608 0.828119 0.0 -14.741278 0.0 -0.785656 1.0 
0.966679 0.248426 0.061778 0.0 -0.249036 0.968492 0.002248 0.0 -0.059273 -0.017558 0.998087 0.0 -13.20031 1.446183 -1.596799 1.0 
0.998626 0.052405 -0.0 0.0 -0.052405 0.998626 -0.0 0.0 -0.0 -0.0 1.0 0.0 -3.054434 0.0 0.0 1.0 
0.811484 0.584375 -0.0 0.0 -0.584375 0.811484 -0.0 0.0 -0.0 -0.0 1.0 0.0 -3.155113 0.0 0.0 1.0 
0.82747 0.558485 -0.058206 0.0 -0.545177 0.823892 0.154867 0.0 0.134447 -0.096416 0.986219 0.0 -12.284731 0.063787 1.954754 1.0 
0.544019 0.837479 0.051701 0.0 -0.83858 0.544779 -0.000722 0.0 -0.02877 -0.042963 0.998662 0.0 -3.617854 -0.0 -0.0 1.0 
0.398777 0.833275 0.382924 0.0 -0.886336 0.457371 -0.072247 0.0 -0.23534 -0.310589 0.920951 0.0 -2.762865 0.0 0.0 1.0 
0.853268 0.28872 0.434252 0.0 0.171963 0.630372 -0.757007 0.0 -0.492304 0.720605 0.488227 0.0 -7.327182 -2.249201 -4.154124 1.0 
0.796416 0.117718 -0.593181 0.0 -0.089192 0.993009 0.077314 0.0 0.598135 -0.008667 0.801348 0.0 -5.298812 0.0 -0.0 1.0 
0.544194 -0.390416 0.742582 0.0 0.15858 0.917035 0.365923 0.0 -0.823836 -0.081375 0.560957 0.0 -13.129478 -19.16953 -19.784948 1.0 
0.963084 0.023276 -0.268192 0.0 -0.012945 0.999107 0.040227 0.0 0.268889 -0.035271 0.962525 0.0 0.0 -4.045738 -0.0 1.0 
0.954051 -0.13458 0.267721 0.0 -0.066292 0.776525 0.626589 0.0 -0.292219 -0.615546 0.731923 0.0 9.144 -4.572 0.0 1.0 
0.999696 -0.023993 0.005673 0.0 0.024402 0.930112 -0.366464 0.0 0.003516 0.366491 0.930415 0.0 0.775425 -31.976536 -4.565594 1.0 
0.994409 0.080943 0.067822 0.0 -0.067374 0.980846 -0.18276 0.0 -0.081316 0.177169 0.980815 0.0 0.0 -38.711254 9.15176 1.0 
1.0 0.0 -0.0 0.0 0.0 1.0 -0.0 0.0 -0.0 -0.0 1.0 0.0 -0.0 -9.27253 -13.419764 1.0 
0.969855 -0.130347 0.205891 0.0 0.140657 0.989396 -0.036197 0.0 -0.19899 0.064066 0.977905 0.0 -9.144 -4.572 -0.0 1.0 
0.995829 0.088783 -0.02102 0.0 -0.036529 0.176858 -0.983558 0.0 -0.083605 0.980224 0.179363 0.0 -0.775425 -31.976536 -4.565594 1.0 
0.998727 0.038884 0.032116 0.0 -0.024928 0.934198 -0.355884 0.0 -0.04384 0.35463 0.933978 0.0 0.0 -38.711254 9.15176 1.0 
1.0 0.0 -0.0 0.0 0.0 1.0 -0.0 0.0 -0.0 -0.0 1.0 0.0 -0.0 -9.27253 -13.419764 1.0 
1.0 0.0 -0.0 0.0 0.0 1.0 -0.0 0.0 -0.0 -0.0 1.0 0.0 0.0 0.0 -0.0 1.0 
-0.995665 0.093014 0.0 0.0 0.091942 0.984199 0.151323 0.0 0.014075 0.150667 -0.988484 0.0 -1.353815 83.858637 0.0 1.0 
0.995027 -0.05903 0.080228 0.0 0.062783 0.997008 -0.045097 0.0 -0.077326 0.049909 0.995756 0.0 0.0 16.182953 -0.0 1.0 
0.996226 -0.033122 0.080228 0.0 0.035889 0.998801 -0.033303 0.0 -0.079028 0.036057 0.99622 0.0 0.0 16.182953 -0.0 1.0 
0.996462 -0.025033 0.080228 0.0 0.027697 0.999095 -0.032272 0.0 -0.079347 0.03438 0.996254 0.0 -0.038166 16.37371 0.088197 1.0 
0.989567 -0.043045 -0.137495 0.0 0.048346 0.998201 0.035449 0.0 0.135722 -0.041727 0.989868 0.0 -0.0 13.539843 2.741003 1.0 
0.98996 -0.038973 -0.135867 0.0 0.043764 0.998515 0.032451 0.0 0.134401 -0.038071 0.990195 0.0 -0.0 8.541622 -3.485519 1.0 
1.0 0.0 -0.0 0.0 0.0 1.0 -0.0 0.0 -0.0 -0.0 1.0 0.0 -0.085759 6.01772 -0.31193 1.0 
0.0 -0.0 1.0 0.0 -0.122185 0.992507 0.0 0.0 -0.992507 -0.122185 0.0 0.0 3.403353 8.487683 -8.5279 1.0 
0.0 -0.0 1.0 0.0 -0.122185 0.992507 0.0 0.0 -0.992507 -0.122185 0.0 0.0 -3.327021 8.487683 -8.5279 1.0 
1.0 0.0 0.0 0.0 -0.0 -0.640095 0.768296 0.0 -0.0 -0.768296 -0.640095 0.0 -0.0 -2.641349 -3.699716 1.0 
1.0 0.0 -0.0 0.0 0.0 1.0 -0.0 0.0 -0.0 -0.0 1.0 0.0 0.0 -2.123951 -6.702803 1.0 
0.970517 -0.205938 -0.125242 0.0 0.21382 0.975434 0.052995 0.0 0.111252 -0.078212 0.99071 0.0 20.069506 6.253968 3.302715 1.0 
0.342608 -0.931061 -0.12548 0.0 0.788349 0.357567 -0.500651 0.0 0.511004 0.072605 0.856506 0.0 4.800499 -6.917405 0.0 1.0 
0.16621 0.0 -0.98609 0.0 -0.0 1.0 -0.0 0.0 0.98609 0.0 0.16621 0.0 23.385237 -0.0 4.23889 1.0 
0.99793 -0.051255 -0.038834 0.0 0.051255 0.269289 0.961694 0.0 -0.038834 -0.961694 0.271359 0.0 14.741278 0.0 -0.785656 1.0 
0.820279 0.026087 -0.571368 0.0 -0.053456 0.998084 -0.031173 0.0 0.56946 0.056114 0.820102 0.0 14.741278 0.0 -0.785656 1.0 
0.942266 -0.334677 -0.011222 0.0 0.331492 0.927506 0.172758 0.0 -0.04741 -0.166504 0.9849 0.0 13.20031 1.446183 -1.596799 1.0 
0.981021 -0.1939 0.0 0.0 0.1939 0.981021 0.0 0.0 -0.0 -0.0 1.0 0.0 3.054434 0.0 0.0 1.0 
0.869649 -0.49367 -0.0 0.0 0.49367 0.869649 0.0 0.0 -0.0 -0.0 1.0 0.0 3.155113 0.0 -0.0 1.0 
0.97448 -0.14093 -0.174722 0.0 0.171599 0.969484 0.175083 0.0 0.144716 -0.200597 0.968926 0.0 12.284731 0.063787 1.960674 1.0 
0.824819 -0.565397 0.0 0.0 0.565397 0.824819 -0.0 0.0 -0.0 0.0 1.0 0.0 3.617854 0.0 -0.0 1.0 
0.871487 -0.490418 0.0 0.0 0.490418 0.871487 -0.0 0.0 -0.0 0.0 1.0 0.0 2.762865 0.0 0.0 1.0 
0.787442 -0.010516 -0.616299 0.0 0.100514 0.988662 0.111558 0.0 0.608138 -0.149792 0.77957 0.0 7.327182 -2.249201 -4.136249 1.0 
0.948523 -0.065481 -0.309865 0.0 0.105688 0.987752 0.114788 0.0 0.298553 -0.141628 0.943826 0.0 5.298812 -0.0 -0.0 1.0 
0.980047 0.002399 -0.19875 0.0 -0.091712 0.892581 -0.441461 0.0 0.176341 0.45088 0.874992 0.0 -19.993174 6.253968 3.302715 1.0 
0.576782 0.813912 0.069789 0.0 -0.810198 0.55904 0.176223 0.0 0.104415 -0.158185 0.981873 0.0 -4.800499 -6.917405 0.0 1.0 
-0.10169 0.0 0.994816 0.0 0.0 1.0 -0.0 0.0 -0.994816 -0.0 -0.10169 0.0 -23.385237 -0.0 4.23889 1.0 
0.99995 -0.009951 0.000937 0.0 0.009951 0.982365 -0.186708 0.0 0.000937 0.186708 0.982415 0.0 -14.741278 0.0 -0.785656 1.0 
0.397379 0.757932 0.517328 0.0 -0.792317 0.567793 -0.22326 0.0 -0.462951 -0.321169 0.826152 0.0 -14.741278 0.0 -0.785656 1.0 
0.966679 0.248426 0.061778 0.0 -0.249036 0.968492 0.002248 0.0 -0.059273 -0.017558 0.998087 0.0 -13.20031 1.446183 -1.596799 1.0 
0.998626 0.052405 -0.0 0.0 -0.052405 0.998626 -0.0 0.0 -0.0 -0.0 1.0 0.0 -3.054434 0.0 0.0 1.0 
0.811484 0.584375 -0.0 0.0 -0.584375 0.811484 -0.0 0.0 -0.0 -0.0 1.0 0.0 -3.155113 0.0 0.0 1.0 
0.82747 0.558485 -0.058206 0.0 -0.545177 0.823892 0.154867 0.0 0.134447 -0.096416 0.986219 0.0 -12.284731 0.063787 1.954754 1.0 
0.544019 0.837479 0.051701 0.0 -0.83858 0.544779 -0.000722 0.0 -0.02877 -0.042963 0.998662 0.0 -3.617854 -0.0 -0.0 1.0 
0.398777 0.833275 0.382924 0.0 -0.886336 0.457371 -0.072247 0.0 -0.23534 -0.310589 0.920951 0.0 -2.762865 0.0 0.0 1.0 
0.853268 0.28872 0.434252 0.0 0.171963 0.630372 -0.757007 0.0 -0.492304 0.720605 0.488227 0.0 -7.327182 -2.249201 -4.154124 1.0 
0.796416 0.117718 -0.593181 0.0 -0.089192 0.993009 0.077314 0.0 0.598135 -0.008667 0.801348 0.0 -5.298812 0.0 -0.0 1.0 
0.538689 -0.421654 0.729398 0.0 0.197705 0.904841 0.377062 0.0 -0.818979 -0.058914 0.570791 0.0 -13.693079 -18.773255 -19.567256 1.0 
0.970574 0.038065 -0.237774 0.0 -0.023739 0.997742 0.062828 0.0 0.239629 -0.055334 0.969286 0.0 0.0 -4.045738 -0.0 1.0 
0.951766 -0.166092 0.257981 0.0 -0.024291 0.797384 0.602984 0.0 -0.30586 -0.580166 0.754888 0.0 9.144 -4.572 -0.0 1.0 
0.999097 -0.041338 0.009776 0.0 0.038879 0.797206 -0.602454 0.0 0.017111 0.60229 0.798094 0.0 0.775425 -31.976536 -4.565594 1.0 
0.994299 0.076034 0.07476 0.0 -0.083496 0.991238 0.10235 0.0 -0.066323 -0.108008 0.991935 0.0 0.0 -38.711254 9.15176 1.0 
1.0 0.0 -0.0 0.0 0.0 1.0 -0.0 0.0 -0.0 -0.0 1.0 0.0 0.0 -9.27253 -13.419764 1.0 
0.975212 -0.156849 0.156074 0.0 0.11976 0.96726 0.223752 0.0 -0.18606 -0.199514 0.962069 0.0 -9.144 -4.572 -0.0 1.0 
0.994846 0.098666 -0.023368 0.0 -0.025717 0.022598 -0.999414 0.0 -0.09808 0.994864 0.025019 0.0 -0.775425 -31.976536 -4.565594 1.0 
0.999032 0.043147 0.008568 0.0 -0.033061 0.864943 -0.500781 0.0 -0.029018 0.500013 0.865532 0.0 -0.0 -38.711254 9.15176 1.0 
1.0 0.0 -0.0 0.0 0.0 1.0 -0.0 0.0 -0.0 -0.0 1.0 0.0 0.0 -9.27253 -13.419764 1.0 
1.0 0.0 -0.0 0.0 0.0 1.0 -0.0 0.0 -0.0 -0.0 1.0 0.0 0.0 0.0 -0.0 1.0 
-0.994049 0.108931 0.0 0.0 0.107673 0.982574 0.151509 0.0 0.016504 0.150607 -0.988456 0.0 -1.538084 84.508571 0.0 1.0 
0.996192 -0.060625 0.06266 0.0 0.063992 0.996531 -0.0532 0.0 -0.059217 0.057007 0.996616 0.0 0.0 16.182953 -0.0 1.0 
0.997294 -0.038457 0.06266 0.0 0.041153 0.998256 -0.042324 0.0 -0.060923 0.044788 0.997137 0.0 0.0 16.182953 -0.0 1.0 
0.99768 -0.026609 0.06266 0.0 0.029119 0.998796 -0.039489 0.0 -0.061534 0.041222 0.997253 0.0 -0.038166 16.37371 0.088197 1.0 
0.992461 -0.048402 -0.112595 0.0 0.052951 0.997883 0.037766 0.0 0.110529 -0.043444 0.992923 0.0 -0.0 13.539843 2.741003 1.0 
0.993229 -0.039784 -0.10915 0.0 0.043602 0.99851 0.032821 0.0 0.107682 -0.037358 0.993483 0.0 -0.0 8.541622 -3.485519 1.0 
1.0 0.0 -0.0 0.0 0.0 1.0 -0.0 0.0 -0.0 -0.0 1.0 0.0 -0.085759 6.01772 -0.31193 1.0 
0.0 0.0 1.0 0.0 -0.121773 0.992558 0.0 0.0 -0.992558 -0.121773 0.0 0.0 3.403353 8.487683 -8.5279 1.0 
0.0 0.0 1.0 0.0 -0.121773 0.992558 0.0 0.0 -0.992558 -0.121773 0.0 0.0 -3.327021 8.487683 -8.5279 1.0 
1.0 0.0 0.0 0.0 -0.0 -0.640095 0.768296 0.0 -0.0 -0.768296 -0.640095 0.0 -0.0 -2.641349 -3.699716 1.0 
1.0 0.0 -0.0 0.0 0.0 1.0 -0.0 0.0 -0.0 -0.0 1.0 0.0 0.0 -2.123951 -6.702803 1.0 
0.971483 -0.219326 -0.090092 0.0 0.225682 0.971849 0.067657 0.0 0.072717 -0.08606 0.993633 0.0 20.069506 6.253968 3.302715 1.0 
0.304093 -0.940573 -0.151165 0.0 0.794004 0.337922 -0.505337 0.0 0.526389 0.033643 0.849578 0.0 4.800499 -6.917405 0.0 1.0 
0.301004 0.0 -0.953623 0.0 -0.0 1.0 -0.0 0.0 0.953623 0.0 0.301004 0.0 23.385237 -0.0 4.23889 1.0 
0.99793 -0.051255 -0.038834 0.0 0.051255 0.269289 0.961694 0.0 -0.038834 -0.961694 0.271359 0.0 14.741278 0.0 -0.785656 1.0 
0.810976 -0.103689 -0.575818 0.0 0.084157 0.99461 -0.060575 0.0 0.578995 0.000666 0.815331 0.0 14.741278 0.0 -0.785656 1.0 
0.942266 -0.334677 -0.011222 0.0 0.331492 0.927506 0.172758 0.0 -0.04741 -0.166504 0.9849 0.0 13.20031 1.446183 -1.596799 1.0 
0.981021 -0.1939 0.0 0.0 0.1939 0.981021 0.0 0.0 -0.0 -0.0 1.0 0.0 3.054434 0.0 0.0 1.0 
0.869649 -0.49367 -0.0 0.0 0.49367 0.869649 0.0 0.0 -0.0 -0.0 1.0 0.0 3.155113 0.0 -0.0 1.0 
0.97448 -0.14093 -0.174722 0.0 0.171599 0.969484 0.175083 0.0 0.144716 -0.200597 0.968926 0.0 12.284731 0.063787 1.960674 1.0 
0.824819 -0.565397 0.0 0.0 0.565397 0.824819 -0.0 0.0 -0.0 0.0 1.0 0.0 3.617854 0.0 -0.0 1.0 
0.871487 -0.490418 0.0 0.0 0.490418 0.871487 -0.0 0.0 -0.0 0.0 1.0 0.0 2.762865 0.0 0.0 1.0 
0.787442 -0.010516 -0.616299 0.0 0.100514 0.988662 0.111558 0.0 0.608138 -0.149792 0.77957 0.0 7.327182 -2.249201 -4.136249 1.0 
0.948523 -0.065481 -0.309865 0.0 0.105688 0.987752 0.114788 0.0 0.298553 -0.141628 0.943826 0.0 5.298812 -0.0 -0.0 1.0 
0.988133 0.005103 -0.153514 0.0 -0.07262 0.89621 -0.437645 0.0 0.135348 0.4436 0.885946 0.0 -19.993174 6.253968 3.302715 1.0 
0.561828 0.824225 0.070724 0.0 -0.821541 0.545876 0.164587 0.0 0.097051 -0.150572 0.983824 0.0 -4.800499 -6.917405 0.0 1.0 
-0.052421 0.0 0.998625 0.0 0.0 1.0 -0.0 0.0 -0.998625 -0.0 -0.052421 0.0 -23.385237 -0.0 4.23889 1.0 
0.99995 -0.009951 0.000937 0.0 0.009951 0.982365 -0.186708 0.0 0.000937 0.186708 0.982415 0.0 -14.741278 0.0 -0.785656 1.0 
0.443366 0.740471 0.505104 0.0 -0.737325 0.621721 -0.264224 0.0 -0.509684 -0.255278 0.821618 0.0 -14.741278 0.0 -0.785656 1.0 
0.966679 0.248426 0.061778 0.0 -0.249036 0.968492 0.002248 0.0 -0.059273 -0.017558 0.998087 0.0 -13.20031 1.446183 -1.596799 1.0 
0.998626 0.052405 -0.0 0.0 -0.052405 0.998626 -0.0 0.0 -0.0 -0.0 1.0 0.0 -3.054434 0.0 0.0 1.0 
0.811484 0.584375 -0.0 0.0 -0.584375 0.811484 -0.0 0.0 -0.0 -0.0 1.0 0.0 -3.155113 0.0 0.0 1.0 
0.82747 0.558485 -0.058206 0.0 -0.545177 0.823892 0.154867 0.0 0.134447 -0.096416 0.986219 0.0 -12.284731 0.063787 1.954754 1.0 
0.544019 0.837479 0.051701 0.0 -0.83858 0.544779 -0.000722 0.0 -0.02877 -0.042963 0.998662 0.0 -3.617854 -0.0 -0.0 1.0 
0.398777 0.833275 0.382924 0.0 -0.886336 0.457371 -0.072247 0.0 -0.23534 -0.310589 0.920951 0.0 -2.762865 0.0 0.0 1.0 
0.853268 0.28872 0.434252 0.0 0.171963 0.630372 -0.757007 0.0 -0.492304 0.720605 0.488227 0.0 -7.327182 -2.249201 -4.154124 1.0 
0.796416 0.117718 -0.593181 0.0 -0.089192 0.993009 0.077314 0.0 0.598135 -0.008667 0.801348 0.0 -5.298812 0.0 -0.0 1.0 
0.529258 -0.462112 0.711575 0.0 0.229538 0.885376 0.404255 0.0 -0.816822 -0.050622 0.574664 0.0 -13.424221 -20.743075 -20.425654 1.0 
0.979799 0.057993 -0.191389 0.0 -0.053603 0.998168 0.028044 0.0 0.192665 -0.017219 0.981114 0.0 0.0 -4.045738 -0.0 1.0 
0.95565 -0.213353 0.203013 0.0 0.09438 0.874844 0.475122 0.0 -0.278973 -0.43489 0.85618 0.0 9.144 -4.572 -0.0 1.0 
0.999222 -0.038386 0.009077 0.0 0.036798 0.824301 -0.564955 0.0 0.014204 0.56485 0.825072 0.0 0.775425 -31.976536 -4.565594 1.0 
0.995132 0.061961 0.07664 0.0 -0.079694 0.963413 0.255898 0.0 -0.05798 -0.26076 0.963661 0.0 0.0 -38.711254 9.15176 1.0 
1.0 0.0 -0.0 0.0 0.0 1.0 -0.0 0.0 -0.0 -0.0 1.0 0.0 -0.0 -9.27253 -13.419764 1.0 
0.976025 -0.178462 0.124604 0.0 0.10264 0.882204 0.459544 0.0 -0.191937 -0.435738 0.879371 0.0 -9.144 -4.572 -0.0 1.0 
0.994669 0.100342 -0.023766 0.0 -0.023513 -0.003708 -0.999717 0.0 -0.100402 0.994946 -0.001329 0.0 -0.775425 -31.976536 -4.565594 1.0 
0.996369 0.075393 -0.039565 0.0 -0.084476 0.933433 -0.348664 0.0 0.010644 0.35074 0.936412 0.0 0.0 -38.711254 9.15176 1.0 
1.0 0.0 -0.0 0.0 0.0 0.999925 -0.012217 0.0 -0.0 0.012217 0.999925 0.0 0.0 -9.27253 -13.419764 1.0 
1.0 0.0 -0.0 0.0 0.0 1.0 -0.0 0.0 -0.0 -0.0 1.0 0.0 0.0 0.0 -0.0 1.0 
-0.992616 0.121297 0.0 0.0 0.119893 0.981123 0.151734 0.0 0.018405 0.150613 -0.988421 0.0 -1.636777 85.715591 0.0 1.0 
0.997228 -0.062354 0.040612 0.0 0.064801 0.995968 -0.062034 0.0 -0.03658 0.064494 0.997247 0.0 0.0 16.182953 -0.0 1.0 
0.998194 -0.044273 0.040612 0.0 0.046367 0.997562 -0.052162 0.0 -0.038203 0.053951 0.997812 0.0 0.0 16.182953 -0.0 1.0 
0.998773 -0.028323 0.040612 0.0 0.030239 0.99842 -0.04736 0.0 -0.039206 0.04853 0.998052 0.0 -0.038166 16.37371 0.088197 1.0 
0.995166 -0.055112 -0.081284 0.0 0.058558 0.997457 0.040628 0.0 0.078839 -0.045192 0.995863 0.0 -0.0 13.539843 2.741003 1.0 
0.996308 -0.040765 -0.075551 0.0 0.043397 0.998495 0.033535 0.0 0.074071 -0.03669 0.996578 0.0 -0.0 8.541622 -3.485519 1.0 
1.0 0.0 -0.0 0.0 0.0 1.0 -0.0 0.0 -0.0 -0.0 1.0 0.0 -0.085759 6.01772 -0.31193 1.0 
0.0 0.0 1.0 0.0 -0.124851 0.992175 0.0 0.0 -0.992175 -0.124851 0.0 0.0 3.403353 8.487683 -8.5279 1.0 
0.0 0.0 1.0 0.0 -0.124851 0.992175 0.0 0.0 -0.992175 -0.124851 0.0 0.0 -3.327021 8.487683 -8.5279 1.0 
1.0 0.0 0.0 0.0 -0.0 -0.640095 0.768296 0.0 -0.0 -0.768296 -0.640095 0.0 -0.0 -2.641349 -3.699716 1.0 
1.0 0.0 -0.0 0.0 0.0 1.0 -0.0 0.0 -0.0 -0.0 1.0 0.0 0.0 -2.123951 -6.702803 1.0 
0.970724 -0.235776 -0.045878 0.0 0.238987 0.967205 0.08602 0.0 0.024092 -0.094466 0.995237 0.0 20.069506 6.253968 3.302715 1.0 
0.26971 -0.945247 -0.183752 0.0 0.799798 0.326169 -0.503922 0.0 0.536265 -0.011052 0.843977 0.0 4.800499 -6.917405 0.0 1.0 
0.424599 0.0 -0.905382 0.0 -0.0 1.0 -0.0 0.0 0.905382 0.0 0.424599 0.0 23.385237 -0.0 4.23889 1.0 
0.99793 -0.051255 -0.038834 0.0 0.051255 0.269289 0.961694 0.0 -0.038834 -0.961694 0.271359 0.0 14.741278 0.0 -0.785656 1.0 
0.790354 -0.230166 -0.567771 0.0 0.213689 0.972112 -0.096618 0.0 0.574175 -0.044964 0.817497 0.0 14.741278 0.0 -0.785656 1.0 
0.942266 -0.334677 -0.011222 0.0 0.331492 0.927506 0.172758 0.0 -0.04741 -0.166504 0.9849 0.0 13.20031 1.446183 -1.596799 1.0 
0.981021 -0.1939 0.0 0.0 0.1939 0.981021 0.0 0.0 -0.0 -0.0 1.0 0.0 3.054434 0.0 0.0 1.0 
0.869649 -0.49367 -0.0 0.0 0.49367 0.869649 0.0 0.0 -0.0 -0.0 1.0 0.0 3.155113 0.0 -0.0 1.0 
0.97448 -0.14093 -0.174722 0.0 0.171599 0.969484 0.175083 0.0 0.144716 -0.200597 0.968926 0.0 12.284731 0.063787 1.960674 1.0 
0.824819 -0.565397 0.0 0.0 0.565397 0.824819 -0.0 0.0 -0.0 0.0 1.0 0.0 3.617854 0.0 -0.0 1.0 
0.871487 -0.490418 0.0 0.0 0.490418 0.871487 -0.0 0.0 -0.0 0.0 1.0 0.0 2.762865 0.0 0.0 1.0 
0.787442 -0.010516 -0.616299 0.0 0.100514 0.988662 0.111558 0.0 0.608138 -0.149792 0.77957 0.0 7.327182 -2.249201 -4.136249 1.0 
0.948523 -0.065481 -0.309865 0.0 0.105688 0.987752 0.114788 0.0 0.298553 -0.141628 0.943826 0.0 5.298812 -0.0 -0.0 1.0 
0.99531 0.008528 -0.096364 0.0 -0.049483 0.900819 -0.431367 0.0 0.083128 0.434112 0.897015 0.0 -19.993174 6.253968 3.302715 1.0 
0.546117 0.833736 0.08149 0.0 -0.833637 0.531306 0.150873 0.0 0.082491 -0.150328 0.985189 0.0 -4.800499 -6.917405 0.0 1.0 
0.00411 0.0 0.999992 0.0 0.0 1.0 -0.0 0.0 -0.999992 -0.0 0.00411 0.0 -23.385237 -0.0 4.23889 1.0 
0.99995 -0.009951 0.000937 0.0 0.009951 0.982365 -0.186708 0.0 0.000937 0.186708 0.982415 0.0 -14.741278 0.0 -0.785656 1.0 
0.49373 0.710907 0.500842 0.0 -0.67207 0.677425 -0.299027 0.0 -0.551863 -0.188962 0.812244 0.0 -14.741278 0.0 -0.785656 1.0 
0.966679 0.248426 0.061778 0.0 -0.249036 0.968492 0.002248 0.0 -0.059273 -0.017558 0.998087 0.0 -13.20031 1.446183 -1.596799 1.0 
0.998626 0.052405 -0.0 0.0 -0.052405 0.998626 -0.0 0.0 -0.0 -0.0 1.0 0.0 -3.054434 0.0 0.0 1.0 
0.811484 0.584375 -0.0 0.0 -0.584375 0.811484 -0.0 0.0 -0.0 -0.0 1.0 0.0 -3.155113 0.0 0.0 1.0 
0.82747 0.558485 -0.058206 0.0 -0.545177 0.823892 0.154867 0.0 0.134447 -0.096416 0.986219 0.0 -12.284731 0.063787 1.954754 1.0 
0.544019 0.837479 0.051701 0.0 -0.83858 0.544779 -0.000722 0.0 -0.02877 -0.042963 0.998662 0.0 -3.617854 -0.0 -0.0 1.0 
0.398777 0.833275 0.382924 0.0 -0.886336 0.457371 -0.072247 0.0 -0.23534 -0.310589 0.920951 0.0 -2.762865 0.0 0.0 1.0 
0.853268 0.28872 0.434252 0.0 0.171963 0.630372 -0.757007 0.0 -0.492304 0.720605 0.488227 0.0 -7.327182 -2.249201 -4.154124 1.0 
0.796416 0.117718 -0.593181 0.0 -0.089192 0.993009 0.077314 0.0 0.598135 -0.008667 0.801348 0.0 -5.298812 0.0 -0.0 1.0 
0.516702 -0.504333 0.691858 0.0 0.251342 0.861836 0.440529 0.0 -0.818441 -0.053729 0.572073 0.0 -12.784532 -22.472647 -21.554533 1.0 
0.987951 0.079732 -0.132648 0.0 -0.086627 0.995129 -0.047045 0.0 0.128251 0.057969 0.990046 0.0 0.0 -4.045738 -0.0 1.0 
0.956726 -0.261866 0.126893 0.0 0.217661 0.933424 0.285208 0.0 -0.193131 -0.245246 0.950029 0.0 9.144 -4.572 0.0 1.0 
0.999677 -0.024736 0.005849 0.0 0.025115 0.925767 -0.37726 0.0 0.003918 0.377285 0.926089 0.0 0.775425 -31.976536 -4.565594 1.0 
0.996837 0.046235 0.064639 0.0 -0.064639 0.944876 0.320983 0.0 -0.046235 -0.324146 0.944876 0.0 0.0 -38.711254 9.15176 1.0 
1.0 0.0 -0.0 0.0 0.0 1.0 -0.0 0.0 -0.0 -0.0 1.0 0.0 0.0 -9.27253 -13.419764 1.0 
0.971753 -0.235103 0.020545 0.0 0.165112 0.739488 0.652606 0.0 -0.168623 -0.63078 0.757419 0.0 -9.144 -4.572 0.0 1.0 
0.995026 0.09693 -0.022955 0.0 -0.027888 0.049839 -0.998368 0.0 -0.095628 0.994043 0.052294 0.0 -0.775425 -31.976536 -4.565594 1.0 
0.996961 0.072857 -0.027577 0.0 -0.067139 0.983125 0.170168 0.0 0.03951 -0.167799 0.985029 0.0 -0.0 -38.711254 9.15176 1.0 
1.0 0.0 -0.0 0.0 0.0 0.999391 -0.034899 0.0 -0.0 0.034899 0.999391 0.0 0.0 -9.27253 -13.419764 1.0 
1.0 0.0 -0.0 0.0 0.0 1.0 -0.0 0.0 -0.0 -0.0 1.0 0.0 0.0 0.0 -0.0 1.0 
-0.991994 0.126284 0.0 0.0 0.124817 0.980474 0.151957 0.0 0.01919 0.15074 -0.988387 0.0 -1.639937 86.365525 0.0 1.0 
0.997834 -0.063921 0.015567 0.0 0.064861 0.995427 -0.070131 0.0 -0.011013 0.070989 0.997416 0.0 0.0 16.182953 -0.0 1.0 
0.998648 -0.049605 0.015567 0.0 0.050469 0.99685 -0.061187 0.0 -0.012483 0.06189 0.998005 0.0 0.0 16.182953 -0.0 1.0 
0.999432 -0.02989 0.015567 0.0 0.030698 0.998037 -0.054578 0.0 -0.013905 0.055025 0.998388 0.0 -0.038166 16.37371 0.088197 1.0 
0.996988 -0.062699 -0.045657 0.0 0.064686 0.99696 0.043432 0.0 0.042795 -0.046254 0.998013 0.0 -0.0 13.539843 2.741003 1.0 
0.998428 -0.041827 -0.03732 0.0 0.043107 0.998486 0.034168 0.0 0.035834 -0.035723 0.998719 0.0 -0.0 8.541622 -3.485519 1.0 
1.0 0.0 -0.0 0.0 0.0 1.0 -0.0 0.0 -0.0 -0.0 1.0 0.0 -0.085759 6.01772 -0.31193 1.0 
0.0 0.0 1.0 0.0 -0.132548 0.991177 0.0 0.0 -0.991177 -0.132548 0.0 0.0 3.403353 8.487683 -8.5279 1.0 
0.0 0.0 1.0 0.0 -0.132548 0.991177 0.0 0.0 -0.991177 -0.132548 0.0 0.0 -3.327021 8.487683 -8.5279 1.0 
1.0 0.0 0.0 0.0 -0.0 -0.640095 0.768296 0.0 -0.0 -0.768296 -0.640095 0.0 -0.0 -2.641349 -3.699716 1.0 
1.0 0.0 -0.0 0.0 0.0 1.0 -0.0 0.0 -0.0 -0.0 1.0 0.0 0.0 -2.123951 -6.702803 1.0 
0.967226 -0.25388 0.004402 0.0 0.251979 0.961832 0.106703 0.0 -0.031324 -0.102097 0.994281 0.0 20.069506 6.253968 3.302715 1.0 
0.252628 -0.947857 -0.194285 0.0 0.806618 0.317213 -0.498742 0.0 0.534366 -0.030717 0.844695 0.0 4.800499 -6.917405 0.0 1.0 
0.469836 0.0 -0.882754 0.0 -0.0 1.0 -0.0 0.0 0.882754 0.0 0.469836 0.0 23.385237 -0.0 4.23889 1.0 
0.99793 -0.051255 -0.038834 0.0 0.051255 0.269289 0.961694 0.0 -0.038834 -0.961694 0.271359 0.0 14.741278 0.0 -0.785656 1.0 
0.780233 -0.308545 -0.544093 0.0 0.283816 0.949802 -0.131621 0.0 0.557392 -0.051727 0.828637 0.0 14.741278 0.0 -0.785656 1.0 
0.942266 -0.334677 -0.011222 0.0 0.331492 0.927506 0.172758 0.0 -0.04741 -0.166504 0.9849 0.0 13.20031 1.446183 -1.596799 1.0 
0.981021 -0.1939 0.0 0.0 0.1939 0.981021 0.0 0.0 -0.0 -0.0 1.0 0.0 3.054434 0.0 0.0 1.0 
0.869649 -0.49367 -0.0 0.0 0.49367 0.869649 0.0 0.0 -0.0 -0.0 1.0 0.0 3.155113 0.0 -0.0 1.0 
0.97448 -0.14093 -0.174722 0.0 0.171599 0.969484 0.175083 0.0 0.144716 -0.200597 0.968926 0.0 12.284731 0.063787 1.960674 1.0 
0.824819 -0.565397 0.0 0.0 0.565397 0.824819 -0.0 0.0 -0.0 0.0 1.0 0.0 3.617854 0.0 -0.0 1.0 
0.871487 -0.490418 0.0 0.0 0.490418 0.871487 -0.0 0.0 -0.0 0.0 1.0 0.0 2.762865 0.0 0.0 1.0 
0.787442 -0.010516 -0.616299 0.0 0.100514 0.988662 0.111558 0.0 0.608138 -0.149792 0.77957 0.0 7.327182 -2.249201 -4.136249 1.0 
0.948523 -0.065481 -0.309865 0.0 0.105688 0.987752 0.114788 0.0 0.298553 -0.141628 0.943826 0.0 5.298812 -0.0 -0.0 1.0 
0.999438 0.012425 -0.031131 0.0 -0.02442 0.906115 -0.422327 0.0 0.022961 0.42285 0.905909 0.0 -19.993174 6.253968 3.302715 1.0 
0.546631 0.833604 0.079367 0.0 -0.833292 0.532171 0.149726 0.0 0.082575 -0.147981 0.985537 0.0 -4.800499 -6.917405 0.0 1.0 
0.024739 0.0 0.999694 0.0 0.0 1.0 -0.0 0.0 -0.999694 -0.0 0.024739 0.0 -23.385237 -0.0 4.23889 1.0 
0.99995 -0.009951 0.000937 0.0 0.009951 0.982365 -0.186708 0.0 0.000937 0.186708 0.982415 0.0 -14.741278 0.0 -0.785656 1.0 
0.535765 0.675864 0.506126 0.0 -0.624828 0.720518 -0.300738 0.0 -0.567931 -0.155117 0.808327 0.0 -14.741278 0.0 -0.785656 1.0 
0.966679 0.248426 0.061778 0.0 -0.249036 0.968492 0.002248 0.0 -0.059273 -0.017558 0.998087 0.0 -13.20031 1.446183 -1.596799 1.0 
0.998626 0.052405 -0.0 0.0 -0.052405 0.998626 -0.0 0.0 -0.0 -0.0 1.0 0.0 -3.054434 0.0 0.0 1.0 
0.811484 0.584375 -0.0 0.0 -0.584375 0.811484 -0.0 0.0 -0.0 -0.0 1.0 0.0 -3.155113 0.0 0.0 1.0 
0.82747 0.558485 -0.058206 0.0 -0.545177 0.823892 0.154867 0.0 0.134447 -0.096416 0.986219 0.0 -12.284731 0.063787 1.954754 1.0 
0.544019 0.837479 0.051701 0.0 -0.83858 0.544779 -0.000722 0.0 -0.02877 -0.042963 0.998662 0.0 -3.617854 -0.0 -0.0 1.0 
0.398777 0.833275 0.382924 0.0 -0.886336 0.457371 -0.072247 0.0 -0.23534 -0.310589 0.920951 0.0 -2.762865 0.0 0.0 1.0 
0.853268 0.28872 0.434252 0.0 0.171963 0.630372 -0.757007 0.0 -0.492304 0.720605 0.488227 0.0 -7.327182 -2.249201 -4.154124 1.0 
0.796416 0.117718 -0.593181 0.0 -0.089192 0.993009 0.077314 0.0 0.598135 -0.008667 0.801348 0.0 -5.298812 0.0 -0.0 1.0 
0.499327 -0.540181 0.677404 0.0 0.258211 0.839099 0.47879 0.0 -0.827043 -0.06416 0.558465 0.0 -11.933814 -22.824742 -22.533072 1.0 
0.992869 0.099648 -0.065428 0.0 -0.106665 0.987697 -0.114356 0.0 0.053228 0.120519 0.991283 0.0 0.0 -4.045738 -0.0 1.0 
0.954333 -0.294332 0.051164 0.0 0.296592 0.953982 -0.04418 0.0 -0.035806 0.057338 0.997713 0.0 9.144 -4.572 0.0 1.0 
0.999996 0.002877 -0.000596 0.0 -0.002848 0.999052 0.043442 0.0 0.000721 -0.04344 0.999056 0.0 0.775425 -31.976536 -4.565594 1.0 
0.998473 0.02617 0.048659 0.0 -0.038696 0.959858 0.277804 0.0 -0.039435 -0.279262 0.959405 0.0 0.0 -38.711254 9.15176 1.0 
1.0 0.0 -0.0 0.0 0.0 1.0 -0.0 0.0 -0.0 -0.0 1.0 0.0 0.0 -9.27253 -13.419764 1.0 
0.961607 -0.256915 -0.096475 0.0 0.23539 0.59143 0.771234 0.0 -0.141084 -0.764333 0.629199 0.0 -9.144 -4.572 0.0 1.0 
0.9955 0.09221 -0.021834 0.0 -0.033206 0.123659 -0.991769 0.0 -0.088751 0.988031 0.126165 0.0 -0.775425 -31.976536 -4.565594 1.0 
0.997757 0.065556 -0.013519 0.0 -0.045681 0.814527 0.578324 0.0 0.048924 -0.57641 0.815695 0.0 0.0 -38.711254 9.15176 1.0 
1.0 0.0 -0.0 0.0 0.0 0.99889 -0.047106 0.0 -0.0 0.047106 0.99889 0.0 0.0 -9.27253 -13.419764 1.0 
1.0 0.0 -0.0 0.0 0.0 1.0 -0.0 0.0 -0.0 -0.0 1.0 0.0 0.0 0.0 -0.0 1.0 
-0.992327 0.123639 0.0 0.0 0.1222 0.980772 0.152161 0.0 0.018813 0.150994 -0.988356 0.0 -1.434508 88.331611 0.0 1.0 
0.997822 -0.065039 -0.010977 0.0 0.064022 0.995049 -0.076023 0.0 0.015867 0.075155 0.997046 0.0 0.0 16.182953 -0.0 1.0 
0.998508 -0.053484 -0.010977 0.0 0.052621 0.996313 -0.067761 0.0 0.01456 0.067082 0.997641 0.0 0.0 16.182953 -0.0 1.0 
0.999458 -0.031023 -0.010977 0.0 0.030313 0.997748 -0.059835 0.0 0.012808 0.05947 0.998148 0.0 -0.038166 16.37371 0.088197 1.0 
0.997469 -0.070671 -0.007847 0.0 0.070965 0.996353 0.047375 0.0 0.004471 -0.047812 0.998846 0.0 -0.0 13.539843 2.741003 1.0 
0.999075 -0.042888 0.003243 0.0 0.042748 0.998466 0.035191 0.0 -0.004748 -0.03502 0.999375 0.0 -0.0 8.541622 -3.485519 1.0 
1.0 0.0 -0.0 0.0 0.0 1.0 -0.0 0.0 -0.0 -0.0 1.0 0.0 -0.085759 6.01772 -0.31193 1.0 
0.0 0.0 1.0 0.0 -0.143304 0.989679 0.0 0.0 -0.989679 -0.143304 0.0 0.0 3.403353 8.487683 -8.5279 1.0 
0.0 0.0 1.0 0.0 -0.143304 0.989679 0.0 0.0 -0.989679 -0.143304 0.0 0.0 -3.327021 8.487683 -8.5279 1.0 
1.0 0.0 0.0 0.0 -0.0 -0.640095 0.768296 0.0 -0.0 -0.768296 -0.640095 0.0 -0.0 -2.641349 -3.699716 1.0 
1.0 0.0 -0.0 0.0 0.0 1.0 -0.0 0.0 -0.0 -0.0 1.0 0.0 0.0 -2.123951 -6.702803 1.0 
0.960496 -0.272255 0.057658 0.0 0.263322 0.956144 0.128258 0.0 -0.090048 -0.108009 0.990063 0.0 20.069506 6.253968 3.302715 1.0 
0.25176 -0.950878 -0.180135 0.0 0.81356 0.308748 -0.492742 0.0 0.524153 -0.022498 0.851327 0.0 4.800499 -6.917405 0.0 1.0 
0.447505 0.0 -0.894282 0.0 -0.0 1.0 -0.0 0.0 0.894282 0.0 0.447505 0.0 23.385237 -0.0 4.23889 1.0 
0.99793 -0.051255 -0.038834 0.0 0.051255 0.269289 0.961694 0.0 -0.038834 -0.961694 0.271359 0.0 14.741278 0.0 -0.785656 1.0 
0.78864 -0.340142 -0.512201 0.0 0.300778 0.939986 -0.161116 0.0 0.536264 -0.026996 0.843618 0.0 14.741278 0.0 -0.785656 1.0 
0.942266 -0.334677 -0.011222 0.0 0.331492 0.927506 0.172758 0.0 -0.04741 -0.166504 0.9849 0.0 13.20031 1.446183 -1.596799 1.0 
0.981021 -0.1939 0.0 0.0 0.1939 0.981021 0.0 0.0 -0.0 -0.0 1.0 0.0 3.054434 0.0 0.0 1.0 
0.869649 -0.49367 -0.0 0.0 0.49367 0.869649 0.0 0.0 -0.0 -0.0 1.0 0.0 3.155113 0.0 -0.0 1.0 
0.97448 -0.14093 -0.174722 0.0 0.171599 0.969484 0.175083 0.0 0.144716 -0.200597 0.968926 0.0 12.284731 0.063787 1.960674 1.0 
0.824819 -0.565397 0.0 0.0 0.565397 0.824819 -0.0 0.0 -0.0 0.0 1.0 0.0 3.617854 0.0 -0.0 1.0 
0.871487 -0.490418 0.0 0.0 0.490418 0.871487 -0.0 0.0 -0.0 0.0 1.0 0.0 2.762865 0.0 0.0 1.0 
0.787442 -0.010516 -0.616299 0.0 0.100514 0.988662 0.111558 0.0 0.608138 -0.149792 0.77957 0.0 7.327182 -2.249201 -4.136249 1.0 
0.948523 -0.065481 -0.309865 0.0 0.105688 0.987752 0.114788 0.0 0.298553 -0.141628 0.943826 0.0 5.298812 -0.0 -0.0 1.0 
0.999137 0.016512 0.038119 0.0 0.000599 0.911784 -0.410669 0.0 -0.041538 0.410337 0.910987 0.0 -19.993174 6.253968 3.302715 1.0 
0.555024 0.828834 0.070584 0.0 -0.825733 0.538708 0.167208 0.0 0.100564 -0.151088 0.983392 0.0 -4.800499 -6.917405 0.0 1.0 
0.018228 0.0 0.999834 0.0 0.0 1.0 -0.0 0.0 -0.999834 -0.0 0.018228 0.0 -23.385237 -0.0 4.23889 1.0 
0.99995 -0.009951 0.000937 0.0 0.009951 0.982365 -0.186708 0.0 0.000937 0.186708 0.982415 0.0 -14.741278 0.0 -0.785656 1.0 
0.560672 0.653185 0.508917 0.0 -0.607796 0.742036 -0.282783 0.0 -0.562344 -0.150769 0.813042 0.0 -14.741278 0.0 -0.785656 1.0 
0.966679 0.248426 0.061778 0.0 -0.249036 0.968492 0.002248 0.0 -0.059273 -0.017558 0.998087 0.0 -13.20031 1.446183 -1.596799 1.0 
0.998626 0.052405 -0.0 0.0 -0.052405 0.998626 -0.0 0.0 -0.0 -0.0 1.0 0.0 -3.054434 0.0 0.0 1.0 
0.811484 0.584375 -0.0 0.0 -0.584375 0.811484 -0.0 0.0 -0.0 -0.0 1.0 0.0 -3.155113 0.0 0.0 1.0 
0.82747 0.558485 -0.058206 0.0 -0.545177 0.823892 0.154867 0.0 0.134447 -0.096416 0.986219 0.0 -12.284731 0.063787 1.954754 1.0 
0.544019 0.837479 0.051701 0.0 -0.83858 0.544779 -0.000722 0.0 -0.02877 -0.042963 0.998662 0.0 -3.617854 -0.0 -0.0 1.0 
0.398777 0.833275 0.382924 0.0 -0.886336 0.457371 -0.072247 0.0 -0.23534 -0.310589 0.920951 0.0 -2.762865 0.0 0.0 1.0 
0.853268 0.28872 0.434252 0.0 0.171963 0.630372 -0.757007 0.0 -0.492304 0.720605 0.488227 0.0 -7.327182 -2.249201 -4.154124 1.0 
0.796416 0.117718 -0.593181 0.0 -0.089192 0.993009 0.077314 0.0 0.598135 -0.008667 0.801348 0.0 -5.298812 0.0 -0.0 1.0 
0.477412 -0.566025 0.672081 0.0 0.250507 0.820811 0.513337 0.0 -0.842214 -0.076712 0.533659 0.0 -10.987203 -22.09291 -23.347985 1.0 
0.993465 0.113971 0.006107 0.0 -0.111698 0.981856 -0.153238 0.0 -0.023461 0.151554 0.98817 0.0 0.0 -4.045738 -0.0 1.0 
0.955163 -0.295501 -0.018505 0.0 0.273555 0.904683 -0.326676 0.0 0.113274 0.306967 0.944955 0.0 9.144 -4.572 0.0 1.0 
0.999681 0.024746 -0.00513 0.0 -0.021165 0.930691 0.365194 0.0 0.013811 -0.364969 0.930917 0.0 0.775425 -31.976536 -4.565594 1.0 
0.998646 0.008044 0.051397 0.0 -0.005921 0.999129 -0.041315 0.0 -0.051684 0.040955 0.997823 0.0 0.0 -38.711254 9.15176 1.0 
1.0 0.0 0.0 0.0 -0.0 0.970504 0.241085 0.0 -0.0 -0.241085 0.970504 0.0 0.0 -9.27253 -13.419764 1.0 
0.945467 -0.237221 -0.223198 0.0 0.314919 0.490786 0.812376 0.0 -0.08317 -0.838364 0.538728 0.0 -9.144 -4.572 0.0 1.0 
0.996343 0.083143 -0.019681 0.0 -0.041005 0.263214 -0.963866 0.0 -0.074959 0.961148 0.265661 0.0 -0.775425 -31.976536 -4.565594 1.0 
0.998992 0.041443 0.017267 0.0 -0.042508 0.749348 0.660811 0.0 0.014447 -0.660879 0.750354 0.0 0.0 -38.711254 9.15176 1.0 
1.0 0.0 0.0 0.0 -0.0 0.990023 0.140909 0.0 -0.0 -0.140909 0.990023 0.0 -0.0 -9.27253 -13.419764 1.0 
1.0 0.0 -0.0 0.0 0.0 1.0 -0.0 0.0 -0.0 -0.0 1.0 0.0 0.0 0.0 -0.0 1.0 
-0.993373 0.114931 0.0 0.0 0.11359 0.981776 0.152362 0.0 0.017511 0.151352 -0.988325 0.0 -1.114173 90.949279 0.0 1.0 
0.997152 -0.065429 -0.037511 0.0 0.062343 0.994982 -0.078255 0.0 0.042443 0.075693 0.996227 0.0 0.0 16.182953 -0.0 1.0 
0.997784 -0.054951 -0.037511 0.0 0.05222 0.996161 -0.070263 0.0 0.041228 0.068148 0.996823 0.0 0.0 16.182953 -0.0 1.0 
0.998801 -0.031441 -0.037511 0.0 0.029083 0.997663 -0.061832 0.0 0.039368 0.060667 0.997381 0.0 -0.038166 16.37371 0.088197 1.0 
0.99646 -0.078542 0.029971 0.0 0.076892 0.995645 0.052718 0.0 -0.033981 -0.050227 0.99816 0.0 -0.0 13.539843 2.741003 1.0 
0.998076 -0.043879 0.043799 0.0 0.042256 0.99841 0.037313 0.0 -0.045367 -0.03539 0.998343 0.0 -0.0 8.541622 -3.485519 1.0 
1.0 0.0 -0.0 0.0 0.0 1.0 -0.0 0.0 -0.0 -0.0 1.0 0.0 -0.085759 6.01772 -0.31193 1.0 
0.0 0.0 1.0 0.0 -0.154972 0.987919 0.0 0.0 -0.987919 -0.154972 0.0 0.0 3.403353 8.487683 -8.5279 1.0 
0.0 0.0 1.0 0.0 -0.154972 0.987919 0.0 0.0 -0.987919 -0.154972 0.0 0.0 -3.327021 8.487683 -8.5279 1.0 
1.0 0.0 0.0 0.0 -0.0 -0.640095 0.768296 0.0 -0.0 -0.768296 -0.640095 0.0 -0.0 -2.641349 -3.699716 1.0 
1.0 0.0 -0.0 0.0 0.0 1.0 -0.0 0.0 -0.0 -0.0 1.0 0.0 0.0 -2.123951 -6.702803 1.0 
0.950708 -0.289638 0.110746 0.0 0.272216 0.95059 0.149253 0.0 -0.148504 -0.111749 0.982578 0.0 20.069506 6.253968 3.302715 1.0 
0.26188 -0.954459 -0.142924 0.0 0.820491 0.298159 -0.487745 0.0 0.508146 0.010463 0.861207 0.0 4.800499 -6.917405 0.0 1.0 
0.370552 0.0 -0.928812 0.0 -0.0 1.0 -0.0 0.0 0.928812 0.0 0.370552 0.0 23.385237 -0.0 4.23889 1.0 
