SKELETON
31
NecroFinal_Skel
0
1.0 0.0 -0.0 0.0 0.0 1.0 -0.0 0.0 -0.0 -0.0 1.0 0.0 0.0 100.98308 -0.0 1.0 
1
necro_Joint_Root
1
1.0 0.0 -0.0 0.0 0.0 1.0 -0.0 0.0 -0.0 -0.0 1.0 0.0 0.0 18.19372 -0.0 1.0 
2
necro_Joint_Waist
2
1.0 0.0 -0.0 0.0 0.0 1.0 -0.0 0.0 -0.0 -0.0 1.0 0.0 0.0 7.61911 -0.0 1.0 
1
necro_Joint_Chest
3
1.0 0.0 -0.0 0.0 0.0 1.0 -0.0 0.0 -0.0 -0.0 1.0 0.0 0.0 13.860677 -0.0 1.0 
1
necro_Joint_Chest2
4
1.0 0.0 -0.0 0.0 0.0 1.0 -0.0 0.0 -0.0 -0.0 1.0 0.0 0.0 10.607245 -0.0 1.0 
1
necro_Joint_Chest3
5
1.0 0.0 -0.0 0.0 0.0 1.0 -0.0 0.0 -0.0 -0.0 1.0 0.0 0.0 10.152452 -0.0 1.0 
1
necro_Joint_Mid_Chest
6
1.0 0.0 -0.0 0.0 0.0 1.0 -0.0 0.0 -0.0 -0.0 1.0 0.0 0.0 45.71487 -8.547381 1.0 
3
necro_Joint_Neck1
7
1.0 0.0 -0.0 0.0 0.0 1.0 -0.0 0.0 -0.0 -0.0 1.0 0.0 0.0 4.479255 -15.052443 1.0 
1
necro_Joint_Head
8
1.0 0.0 -0.0 0.0 0.0 1.0 -0.0 0.0 -0.0 -0.0 1.0 0.0 0.0 4.796515 -8.231351 1.0 
1
necro_Joint_Head_End
9
1.0 0.0 -0.0 0.0 0.0 1.0 -0.0 0.0 -0.0 -0.0 1.0 0.0 0.0 19.236203 -23.746842 1.0 
0
necro_Joint_L_Shoulder
10
1.0 0.0 -0.0 0.0 0.0 1.0 -0.0 0.0 -0.0 -0.0 1.0 0.0 29.319996 11.799155 2.957366 1.0 
1
necro_Joint_L_Arm
11
1.0 0.0 -0.0 0.0 0.0 1.0 -0.0 0.0 -0.0 -0.0 1.0 0.0 13.303106 -5.344878 -8.19578 1.0 
1
necro_Joint_L_Elbow
12
1.0 0.0 -0.0 0.0 0.0 1.0 -0.0 0.0 -0.0 -0.0 1.0 0.0 42.059561 -0.014194 2.236891 1.0 
1
necro_Joint_L_Forearm
13
1.0 0.0 -0.0 0.0 -0.0 1.0 -0.0 0.0 0.0 0.0 1.0 0.0 39.896363 -0.005026 -0.322239 1.0 
1
necro_Joint_L_Wrist
14
1.0 0.0 -0.0 0.0 0.0 1.0 -0.0 0.0 -0.0 -0.0 1.0 0.0 86.652775 -0.005026 -0.322239 1.0 
0
necro_Joint_R_Shoulder
15
1.0 0.0 -0.0 0.0 0.0 1.0 -0.0 0.0 -0.0 -0.0 1.0 0.0 -29.319996 11.799155 2.957366 1.0 
1
necro_Joint_R_Arm
16
1.0 0.0 -0.0 0.0 0.0 1.0 -0.0 0.0 -0.0 -0.0 1.0 0.0 -13.303106 -5.344878 -8.19578 1.0 
1
necro_Joint_R_Elbow
17
1.0 0.0 -0.0 0.0 0.0 1.0 -0.0 0.0 -0.0 -0.0 1.0 0.0 -42.059561 -0.014194 2.236891 1.0 
1
necro_Joint_R_Forearm
18
0.999935 -0.007951 0.008202 0.0 0.008203 0.0 -0.999966 0.0 0.00795 0.999968 6.5e-005 0.0 -39.896363 -0.005026 -0.322239 1.0 
1
necro_Joint_R_Wrist
19
0.999935 0.008203 0.00795 0.0 -0.007951 0.0 0.999968 0.0 0.008202 -0.999966 6.5e-005 0.0 -86.673365 -0.388744 -0.694159 1.0 
0
necro_Joint_Hip
20
1.0 0.0 -0.0 0.0 0.0 1.0 -0.0 0.0 -0.0 -0.0 1.0 0.0 0.0 -5.1816 -0.0 1.0 
2
necro_Joint_L_Leg
21
1.0 0.0 -0.0 0.0 0.0 1.0 -0.0 0.0 -0.0 -0.0 1.0 0.0 22.690591 -5.1816 -0.0 1.0 
1
necro_Joint_L_Knee
22
1.0 0.0 -0.0 0.0 0.0 1.0 -0.0 0.0 -0.0 -0.0 1.0 0.0 4.437861 -31.511353 -14.011691 1.0 
1
necro_Joint_L_Ankle
23
1.0 0.0 -0.0 0.0 0.0 1.0 -0.0 0.0 -0.0 -0.0 1.0 0.0 -0.147835 -29.107673 32.205251 1.0 
1
necro_Joint_L_Toe
24
1.0 0.0 -0.0 0.0 0.0 1.0 -0.0 0.0 -0.0 -0.0 1.0 0.0 2.068183 -39.577458 -12.056058 1.0 
1
necro_Joint_L_Toe2
25
0.99985 0.016613 0.00499 0.0 -0.016622 0.999861 0.001591 0.0 -0.004963 -0.001674 0.999986 0.0 3.329148 -0.725424 -19.406597 1.0 
0
necro_Joint_R_Leg
26
1.0 0.0 -0.0 0.0 0.0 1.0 -0.0 0.0 -0.0 -0.0 1.0 0.0 -22.690591 -5.1816 0.0 1.0 
1
necro_Joint_R_Knee
27
1.0 0.0 -0.0 0.0 0.0 1.0 -0.0 0.0 -0.0 -0.0 1.0 0.0 -4.437861 -31.511353 -14.011691 1.0 
1
necro_Joint_R_Ankle
28
1.0 0.0 -0.0 0.0 0.0 1.0 -0.0 0.0 -0.0 -0.0 1.0 0.0 0.147835 -29.107673 32.205251 1.0 
1
necro_Joint_R_Toe
29
1.0 0.0 -0.0 0.0 0.0 1.0 -0.0 0.0 -0.0 -0.0 1.0 0.0 -2.068183 -39.577458 -12.056058 1.0 
1
necro_Joint_R_Toe2
30
0.99985 -0.016613 -0.00499 0.0 0.016622 0.999861 0.001591 0.0 0.004963 -0.001674 0.999986 0.0 -3.329148 -0.725424 -19.406597 1.0 
0
