SKELETON
48
Soldier_Skeleton
0
1.0 0.0 -0.0 0.0 0.0 1.0 -0.0 0.0 -0.0 -0.0 1.0 0.0 0.0 0.0 -0.0 1.0 
1
SS_Soldier_Joint_Root
1
-1.0 0.0 0.0 0.0 0.0 1.0 -0.0 0.0 -0.0 -0.0 -1.0 0.0 0.0 93.051979 -0.0 1.0 
2
SS_Soldier_Joint_Waist
2
1.0 0.0 -0.0 0.0 0.0 1.0 -0.0 0.0 -0.0 -0.0 1.0 0.0 0.0 16.182953 -0.0 1.0 
1
SS_Soldier_Joint_Chest
3
1.0 0.0 -0.0 0.0 0.0 1.0 -0.0 0.0 -0.0 -0.0 1.0 0.0 0.0 16.182953 -0.0 1.0 
1
SS_Soldier_Joint_Mid_Chest
4
1.0 0.0 -0.0 0.0 0.0 1.0 -0.0 0.0 -0.0 -0.0 1.0 0.0 -0.038166 16.37371 0.088197 1.0 
4
SS_Soldier_Joint_Neck1
5
1.0 0.0 -0.0 0.0 0.0 1.0 -0.0 0.0 -0.0 -0.0 1.0 0.0 -0.0 13.539843 2.741003 1.0 
1
SS_Soldier_Joint_Head
6
1.0 0.0 -0.0 0.0 0.0 1.0 -0.0 0.0 -0.0 -0.0 1.0 0.0 -0.0 8.541622 -3.485519 1.0 
4
SS_Soldier_Joint_Head_End
7
1.0 0.0 -0.0 0.0 0.0 1.0 -0.0 0.0 -0.0 -0.0 1.0 0.0 -0.085759 6.01772 -0.31193 1.0 
0
SS_Soldier_Joint_L_Eye
8
0.0 0.0 1.0 0.0 -0.001826 0.999998 0.0 0.0 -0.999998 -0.001826 0.0 0.0 3.403353 8.487683 -8.5279 1.0 
0
SS_Soldier_Joint_R_Eye
9
0.0 -0.0 1.0 0.0 -0.001826 0.999998 0.0 0.0 -0.999998 -0.001826 0.0 0.0 -3.327021 8.487683 -8.5279 1.0 
0
SS_Soldier_Joint_Jaw
10
1.0 0.0 -0.0 0.0 0.0 1.0 -0.0 0.0 -0.0 -0.0 1.0 0.0 -0.0 -2.641349 -3.699716 1.0 
1
SS_Soldier_Joint_Chin
11
1.0 0.0 -0.0 0.0 0.0 1.0 -0.0 0.0 -0.0 -0.0 1.0 0.0 0.0 -2.123951 -6.702803 1.0 
0
SS_Soldier_Joint_L_Shoulder
12
1.0 0.0 -0.0 0.0 0.0 1.0 -0.0 0.0 -0.0 -0.0 1.0 0.0 20.069506 6.253968 3.302715 1.0 
1
SS_Soldier_Joint_L_Arm
13
1.0 0.0 -0.0 0.0 0.0 1.0 -0.0 0.0 -0.0 -0.0 1.0 0.0 4.800499 -6.917405 0.0 1.0 
1
SS_Soldier_Joint_L_Elbow
14
1.0 0.0 -0.0 0.0 0.0 1.0 -0.0 0.0 -0.0 -0.0 1.0 0.0 23.385237 -0.0 4.23889 1.0 
1
SS_Soldier_Joint_L_Forearm
15
1.0 0.0 0.0 0.0 -0.0 1.0 0.0 0.0 -0.0 -0.0 1.0 0.0 14.741278 0.0 -0.785656 1.0 
1
SS_Soldier_Joint_L_Wrist
16
1.0 0.0 -0.0 0.0 0.0 1.0 -0.0 0.0 -0.0 -0.0 1.0 0.0 14.741278 0.0 -0.785656 1.0 
3
SS_Soldier_Joint_L_Index1
17
0.95882 -0.284015 0.0 0.0 0.284015 0.95882 -0.0 0.0 -0.0 0.0 1.0 0.0 13.20031 1.446183 -1.596799 1.0 
1
SS_Soldier_Joint_L_Index2
18
0.906315 -0.422602 -0.0 0.0 0.422602 0.906315 0.0 0.0 -0.0 -0.0 1.0 0.0 3.054434 0.0 0.0 1.0 
1
SS_Soldier_Joint_L_Index3
19
0.686237 -0.727378 -0.0 0.0 0.727378 0.686237 0.0 0.0 -0.0 -0.0 1.0 0.0 3.155113 0.0 -0.0 1.0 
0
SS_Soldier_Joint_L_Middle1
20
0.986856 -0.161604 0.0 0.0 0.161604 0.986856 -0.0 0.0 -0.0 0.0 1.0 0.0 12.284731 0.063787 1.960674 1.0 
1
SS_Soldier_Joint_L_Middle2
21
0.755853 -0.654741 0.0 0.0 0.654741 0.755853 -0.0 0.0 -0.0 0.0 1.0 0.0 3.617854 0.0 -0.0 1.0 
1
SS_Soldier_Joint_L_Middle3
22
0.706471 -0.707742 0.0 0.0 0.707742 0.706471 -0.0 0.0 -0.0 0.0 1.0 0.0 2.762865 0.0 0.0 1.0 
0
SS_Soldier_Joint_L_Thumb1
23
0.900499 -0.162025 -0.403545 0.0 0.148948 0.986783 -0.063824 0.0 0.408553 -0.002634 0.912731 0.0 7.327182 -2.249201 -4.136249 1.0 
1
SS_Soldier_Joint_L_Thumb2
24
0.980188 -0.101293 0.170209 0.0 0.089192 0.993009 0.077314 0.0 -0.176851 -0.060601 0.98237 0.0 5.298812 -0.0 -0.0 1.0 
0
SS_Soldier_Joint_R_Shoulder
25
1.0 0.0 -0.0 0.0 0.0 1.0 -0.0 0.0 -0.0 -0.0 1.0 0.0 -19.993174 6.253968 3.302715 1.0 
1
SS_Soldier_Joint_R_Arm
26
1.0 0.0 -0.0 0.0 0.0 1.0 -0.0 0.0 -0.0 -0.0 1.0 0.0 -4.800499 -6.917405 0.0 1.0 
1
SS_Soldier_Joint_R_Elbow
27
1.0 0.0 -0.0 0.0 0.0 1.0 -0.0 0.0 -0.0 -0.0 1.0 0.0 -23.385237 -0.0 4.23889 1.0 
1
SS_Soldier_Joint_R_Forearm
28
0.997168 -0.053221 0.053145 0.0 0.053221 0.0 -0.998583 0.0 0.053145 0.998583 0.002832 0.0 -14.741278 0.0 -0.785656 1.0 
1
SS_Soldier_Joint_R_Wrist
29
0.997168 0.053221 0.053145 0.0 -0.053221 0.0 0.998583 0.0 0.053145 -0.998583 0.002832 0.0 -14.741278 0.0 -0.785656 1.0 
3
SS_Soldier_Joint_R_Index1
30
0.95882 0.284015 -0.0 0.0 -0.284015 0.95882 -0.0 0.0 -0.0 -0.0 1.0 0.0 -13.20031 1.446183 -1.596799 1.0 
1
SS_Soldier_Joint_R_Index2
31
0.906315 0.422602 -0.0 0.0 -0.422602 0.906315 -0.0 0.0 -0.0 -0.0 1.0 0.0 -3.054434 0.0 0.0 1.0 
1
SS_Soldier_Joint_R_Index3
32
0.686237 0.727378 -0.0 0.0 -0.727378 0.686237 -0.0 0.0 -0.0 -0.0 1.0 0.0 -3.155113 0.0 0.0 1.0 
0
SS_Soldier_Joint_R_Middle1
33
0.986856 0.161604 -0.0 0.0 -0.161604 0.986856 -0.0 0.0 -0.0 -0.0 1.0 0.0 -12.284731 0.063787 1.954754 1.0 
1
SS_Soldier_Joint_R_Middle2
34
0.755853 0.654741 -0.0 0.0 -0.654741 0.755853 -0.0 0.0 -0.0 -0.0 1.0 0.0 -3.617854 -0.0 -0.0 1.0 
1
SS_Soldier_Joint_R_Middle3
35
0.706477 0.707736 -0.0 0.0 -0.707736 0.706477 -0.0 0.0 -0.0 -0.0 1.0 0.0 -2.762865 0.0 0.0 1.0 
0
SS_Soldier_Joint_R_Thumb1
36
0.900499 0.162025 0.403545 0.0 -0.148948 0.986783 -0.063824 0.0 -0.408553 -0.002634 0.912731 0.0 -7.327182 -2.249201 -4.154124 1.0 
1
SS_Soldier_Joint_R_Thumb2
37
0.980188 0.101293 -0.170209 0.0 -0.089192 0.993009 0.077314 0.0 0.176851 -0.060601 0.98237 0.0 -5.298812 0.0 -0.0 1.0 
0
SS_Soldier_GunRoot
38
0.738107 -0.43048 0.519504 0.0 0.301969 0.899351 0.3162 0.0 -0.603334 -0.076515 0.793809 0.0 -4.515558 -4.116173 -36.1423 1.0 
0
SS_Soldier_Joint_Hip
39
1.0 0.0 -0.0 0.0 0.0 1.0 -0.0 0.0 -0.0 -0.0 1.0 0.0 0.0 -4.045738 -0.0 1.0 
2
SS_Soldier_Joint_L_Leg
40
1.0 0.0 -0.0 0.0 0.0 1.0 -0.0 0.0 -0.0 -0.0 1.0 0.0 9.144 -4.572 -0.0 1.0 
1
SS_Soldier_Joint_L_Knee
41
1.0 0.0 -0.0 0.0 0.0 1.0 -0.0 0.0 -0.0 -0.0 1.0 0.0 0.775425 -31.976536 -4.565594 1.0 
1
SS_Soldier_Joint_L_Ankle
42
1.0 0.0 -0.0 0.0 0.0 1.0 -0.0 0.0 -0.0 -0.0 1.0 0.0 0.0 -38.711254 9.15176 1.0 
1
SS_Soldier_Joint_L_Toe
43
1.0 0.0 -0.0 0.0 0.0 1.0 -0.0 0.0 -0.0 -0.0 1.0 0.0 0.0 -9.27253 -13.419764 1.0 
0
SS_Soldier_Joint_R_Leg
44
1.0 0.0 -0.0 0.0 0.0 1.0 -0.0 0.0 -0.0 -0.0 1.0 0.0 -9.144 -4.572 -0.0 1.0 
1
SS_Soldier_Joint_R_Knee
45
1.0 0.0 -0.0 0.0 0.0 1.0 -0.0 0.0 -0.0 -0.0 1.0 0.0 -0.775425 -31.976536 -4.565594 1.0 
1
SS_Soldier_Joint_R_Ankle
46
1.0 0.0 -0.0 0.0 0.0 1.0 -0.0 0.0 -0.0 -0.0 1.0 0.0 -0.0 -38.711254 9.15176 1.0 
1
SS_Soldier_Joint_R_Toe
47
1.0 0.0 -0.0 0.0 0.0 1.0 -0.0 0.0 -0.0 -0.0 1.0 0.0 -0.0 -9.27253 -13.419764 1.0 
0
